---
16972. 814 - 1

작성자: xCrypt0r
언어: Text
사용 메모리: 4,528 KB
소요 시간: 0 ms
해결 날짜: 2020년 12월 7일
---

-6681 -5935
2295 -4465
450 -2741
3144 -3443
290 143
-1509 -6495
2439 -1702
-2879 -5347
-2705 -3127
-3504 -4161
461 597
1469 -6273
1447 -1810
4737 -2917
-3774 6826
-3218 6132
4292 -455
-6526 4912
7437 -109
-6792 8071
-6697 -5361
-620 6510
-8043 6871
-7921 -417
724 590
-3832 -5537
2056 -2586
4641 -6320
-1988 -7965
-1204 7959
6463 -2310
3754 4965
4847 -1768
601 -4038
3135 -2323
7528 6766
-1139 7231
5274 3314
4775 366
-2941 3491
3086 3693
7215 -1892
3203 -4851
-7788 -1222
-3525 8073
194 -248
-5472 -3943
-3661 6764
5209 7646
4359 1747
4987 5231
1209 1038
1857 4432
-1109 1861
3081 1056
2370 -404
5929 -5401
-240 6943
318 866
-7296 -6159
3996 -3203
-1873 8126
2988 -2470
-8085 5202
-3065 -4262
-41 -3781
-6661 1344
-3876 -2532
6505 -1410
-5075 -3603
6041 -6691
1196 4141
-7354 7598
-5620 6460
7677 7438
-4947 -3166
7452 -7276
2604 -1141
-3367 6116
-7121 -6220
-4370 4945
-1140 2826
1114 -544
-6890 4328
5031 -4722
-388 -1991
286 -4884
808 -674
4943 67
7720 -2012
929 3327
-3330 -6758
1756 -4108
-7611 -5160
-3775 -7891
4934 -7582
-1543 -5737
7336 -7065
154 -6708
-2211 7535
7222 1598
-2803 -7854
7516 -1398
1502 4221
-5754 -6341
-3110 -7255
-1364 -5196
6114 -6575
-774 -1319
-5711 -5710
1499 7134
361 4168
7491 3213
-4181 4126
-5210 800
-7988 -7416
4091 -6692
1566 -750
-2894 6986
1220 -6567
-3211 -1465
6795 -2126
7364 -3338
229 5922
5149 -3279
-5419 4342
-2624 -7735
-6239 -4614
-119 1512
3544 -8044
5644 -6044
-1516 -3781
-4763 3551
-5507 6549
-1617 4858
2418 1042
4963 -5640
-6418 5727
-1181 2576
-6857 -1526
5653 -686
2281 4169
4173 -5027
-6560 -3429
3180 6274
7052 923
3307 2341
6513 -4852
-463 4225
-375 7389
2637 5939
3027 5791
-7287 2956
-1913 2362
-5669 5560
5911 547
-3776 -1143
7289 -7967
-4416 -5832
4430 -971
-7497 -2613
262 -2390
-980 5181
-5760 1474
-7563 -779
-6185 5096
-819 -4233
-1208 564
4987 -3838
888 -254
-2185 2624
-7093 -1446
-1371 2597
3974 -3067
39 -7348
-2830 -7005
4311 6648
5011 -7692
-3252 1209
-6745 4218
3957 5188
-3777 1344
1816 6272
7324 -1681
-4131 3921
5937 -8054
870 73
3446 -7678
-5131 1374
4494 -1767
-5307 1500
-3257 2621
-4023 6955
3624 -1588
-6347 -3096
6739 5597
-1977 -1773
-2601 7739
4557 3332
409 -4178
-6465 -568
-3200 -5494
-7400 -3477
5299 4190
-2422 2827
7433 -2483
6602 2676
1680 -887
1644 476
-4023 -3835
5642 321
7863 -1729
-981 -5732
-23 -4379
3666 6419
4642 2917
-7667 3088
1041 -7740
4102 5612
-6485 6547
7377 -7626
-1188 5384
4310 767
-7799 -2870
-2404 7011
-1665 -5487
3507 -1506
6218 7130
-5851 -2063
-7584 -4166
3803 2286
6023 -4435
3832 -2896
798 564
-3763 2925
-448 6390
4158 4768
-778 1113
-708 5329
-1258 -1792
5373 5894
-7755 -1437
4702 -6778
2114 -6061
-172 -2151
5855 -321
-7659 8012
5215 3593
7123 5704
-7330 3595
8043 -3232
-3437 -1345
-5962 4959
3311 -1604
4618 6604
-1893 7903
4148 1950
2793 -4985
-4742 4661
-330 3326
-5409 7661
5436 1790
3615 3907
1713 7833
1391 2319
-6809 -7789
-6338 -5964
4202 694
3606 -4449
-6678 4848
3281 6046
-1766 -1916
126 -4882
5192 -5692
3986 -7492
4633 -292
-5401 4854
-4412 -3841
4257 -5381
-4535 -2716
1163 -2891
5718 3717
590 4851
2186 2985
921 -1129
-117 -5965
1467 7437
-2199 -4050
-5041 -851
1736 -6487
918 -8126
2927 -2391
-857 -3710
3285 3612
-898 2912
-6680 -1274
28 4194
432 -4095
-4829 -1373
4280 4128
-2461 2489
-3330 -5840
-1960 -6365
-3163 -6615
-7075 5204
-3834 4228
-2119 -8013
-4154 -6082
1699 2390
7626 3566
-3773 518
6832 2099
-4084 -7937
-7206 3131
-7473 3442
-5216 -3335
7800 5027
-5622 -250
-998 -816
7269 -175
-4700 -6076
-6218 -1874
-5850 -6761
7603 5132
3835 -2658
-1833 -731
6908 5865
8007 1349
656 2168
-1424 2141
1703 -2572
-6572 5022
-176 -4148
6233 1658
-7566 1389
-4902 -4653
209 -922
5802 -1429
5333 7390
-1754 731
3618 963
-2776 -1457
-3419 6356
7680 -3172
-828 6414
5783 -4368
7287 -3226
2287 778
-6552 -4623
-4992 3943
3584 -2923
-2757 -2802
5368 -3663
-4179 6921
6302 4968
4888 1103
7780 -1241
5029 -4914
-5154 -6926
2112 -651
-2480 4060
-6075 -1926
-4648 6128
6002 7984
25 -1432
-6774 -7294
1738 5380
4880 3099
8107 7142
6473 -4492
2773 -5021
525 3545
2119 3662
2351 7093
5205 -285
-1850 123
-5533 -2875
6967 -6855
6261 -6038
4252 854
-7386 -53
4531 3219
-2355 -1035
-254 -6678
-5363 5698
-2745 3850
5399 3917
3897 -5095
-2032 6985
7828 3071
5075 5856
2962 7708
3192 7632
3265 -1118
-2739 3177
6364 -908
2099 -6914
6601 -4152
5649 -2472
-7010 6340
2209 5383
5327 -141
5361 5387
-8082 1168
-3161 -3641
2062 -514
2241 2626
-1809 772
3554 5952
-4672 3682
1271 -4001
-344 1841
-6976 -4285
-1388 6689
7713 4542
-1568 -3394
4516 2489
407 7872
5194 -4070
-3307 5890
5362 2515
-4503 -4244
-7840 -6045
4047 -5519
-5934 -6097
6249 -3718
353 -3749
5754 7097
2609 4494
-2145 -5938
-7540 6762
4000 5454
-6475 -4767
5810 6492
4284 -515
3723 2948
-3782 730
-2437 6371
-2762 -103
-3953 -3991
-399 -6683
-1077 -3208
-764 2355
-7321 1906
2108 1307
6973 -7391
5499 6856
-4381 2899
7434 6234
3305 -5102
-4559 2019
5712 -5957
4677 1021
2924 -2469
-2875 -3999
6866 -7330
-5049 -3789
2846 4118
5476 -3784
-7738 2541
1903 -5776
-7439 1685
-7922 3294
7850 2517
-61 5101
6749 -6979
4817 1081
5803 -2775
3078 2391
3284 4081
293 662
1650 -3086
-6826 7910
-6821 286
6806 -1370
-4354 5558
5725 -3131
2536 -6548
-417 -5146
6519 579
-2698 3617
4123 5740
-4240 -2401
-2367 718
-4223 4729
5333 789
4605 6122
7602 -2805
3876 -1959
-466 898
-4550 8075
-1427 5063
7801 4620
5190 -6859
3129 3972
1948 -3848
3293 -6473
-5526 398
8027 -2167
-1551 -5840
-3728 7733
-6439 -478
-3157 -4159
-2841 -1687
-7643 -7034
3106 4545
1694 -5221
-1882 6881
2685 -6534
-2060 -630
850 -1438
-3958 -5027
7614 2986
5406 -1760
6098 5790
3764 733
142 1668
7677 -826
1336 1871
810 -6273
-6493 7683
-6725 3919
3734 4447
-5941 -1853
4957 -2008
5407 -3172
-6906 -2882
-7007 -496
1068 4966
3704 -7974
3878 -621
-2496 6592
-3690 -6948
6163 -4657
4171 2147
6278 865
711 1031
6337 1009
-6528 -1513
2072 2343
1985 4683
-6662 923
-5734 6148
-4264 -6490
1550 7934
2987 -7746
1770 -4993
4197 2718
3061 5102
2138 5580
1677 -5309
-3257 4972
3095 2711
2962 7106
2509 6308
-4750 -6069
2224 5725
5428 1152
-313 -452
4555 2908
3190 3090
-5773 -6392
-2418 6213
-2054 -3498
3598 7557
572 -2486
-141 -2453
4333 6921
5909 2889
4197 -4265
3672 -7243
-5580 -1828
-4876 -1493
-2759 -659
-5703 -698
6832 968
1755 -1184
3135 6435
-6726 -934
1109 5350
2484 -1375
-4811 -3712
-274 6221
-8078 -2418
5429 6893
6603 -5947
3774 -5744
-3555 -596
-1299 -5381
-3868 1173
473 -4951
6744 4727
5563 -6958
-5646 -3124
1443 3627
229 1240
-6549 -4515
922 4555
5541 -2991
4423 1189
5303 -2385
-362 -7715
5572 -3040
5604 6250
-7571 -2537
-3337 -840
4223 -7520
-7942 -1720
4619 4299
5855 1548
-1045 -5650
7279 -3531
5377 -7629
6621 6970
4548 -6024
6769 -4679
-5183 3643
5399 1333
-7112 478
44 -6493
6406 2202
2015 1092
6022 -7838
3508 3443
-7518 2526
-5896 5931
-5934 1918
6020 -4855
-156 2588
-6099 -5287
1880 8107
-2280 -7466
3 -5366
5941 -4890
5965 -7754
7811 6887
4979 -3616
4743 -4453
-318 1224
-5347 865
6438 6614
-5471 -474
-2566 1459
-2710 2398
-7032 3031
564 6781
-6810 -770
-747 4367
2811 -1767
6635 5165
5363 3329
3931 -1691
1528 -2563
1004 4899
1497 -2113
-5468 7104
5938 -6023
3205 7337
-1044 -4436
951 -1696
-7589 2427
7215 7574
-431 7803
6473 288
4562 7335
1036 -7158
-5661 5628
-4347 -6008
3795 5728
-3338 4100
-7288 7027
-7788 -5362
340 -5206
-6795 13
1692 2461
2903 -1278
-7927 -4129
1261 1025
-7265 7170
-6880 -3291
-3625 5593
5167 -2841
2240 5830
-2334 -3422
-1299 555
7552 3492
6419 -239
-1168 3817
-6263 8034
-4664 1192
177 -2495
6180 2729
1300 -6011
-6759 -7600
-2967 1473
-2839 5865
7580 -7238
3132 -170
1555 -4817
-6225 -7277
301 -1600
-1797 4510
-4761 970
5570 -5169
-6027 -4608
4584 -2470
5407 -6212
1652 4730
3776 2102
4263 -4873
-6067 8
2569 81
-4441 -4648
-3411 -3228
-7289 7966
-3390 5916
-3027 -1341
-4178 -8112
1072 3964
522 7008
-2399 -5135
-5727 -3050
-1849 6723
-6152 -357
3623 4974
7442 7927
-5724 1163
5077 -3657
-706 2641
5945 6158
2880 665
5232 -541
7445 7759
-498 -6446
-2034 -2358
1241 6862
1513 2979
8048 -6502
-6674 -6919
-4 -352
6085 -938
2068 5994
5874 181
-4363 1864
-6797 -3697
407 2580
5424 4968
-7200 1402
-3376 5986
-151 -2656
6580 1467
-7346 6494
227 6277
-2129 1165
6881 -6506
-1775 -6621
3715 2792
3283 7040
3964 -7094
-7765 -5186
-5893 -8059
-6481 -3851
-2296 1528
-5573 -58
-5115 4498
-4313 2868
5497 5225
124 -5533
1730 5454
6923 1177
-451 -3712
-6734 -6982
-4294 -8061
-1630 -5116
-3430 -252
1757 -717
1809 -8000
-5004 -6760
-4222 731
3517 6709
-3925 -6357
7296 -5081
1314 2836
2457 92
-143 -7834
-8131 3793
-5361 -7182
-6143 -4761
-870 -5329
-7193 2451
-6432 -4951
-5938 6071
-4477 -4713
-3435 1937
7569 5338
-601 5666
7815 -2118
-6125 -3381
3361 -5001
2719 5920
5046 -7155
-7459 -4751
8117 2448
791 8014
3302 1456
-5017 2170
-4352 3749
-778 -1657
1276 2593
7342 -4659
7613 4680
4505 7363
-5091 -4558
-7772 7859